20 -48.3635 -48.3635 2 1 0
20.0343 -48.3429 -48.3429 1 1 0
20.0686 -48.3223 -48.3223 1 1 0
20.1372 -48.2812 -48.2812 1 1 0
20.2743 -48.1987 -48.1987 1 1 0
20.5485 -48.0336 -48.0336 1 1 0
20.9762 -47.7748 -47.7748 1 1 0
21.4034 -47.5149 -47.5149 1 1 0
21.8299 -47.2539 -47.2539 1 1 0
22.2557 -46.9919 -46.9919 1 1 0
22.6808 -46.7286 -46.7286 1 1 0
23.1051 -46.4642 -46.4642 1 1 0
23.5287 -46.1984 -46.1984 1 1 0
23.9514 -45.9314 -45.9314 1 1 0
24.3733 -45.6631 -45.6631 1 1 0
24.7943 -45.3933 -45.3933 1 1 0
25.2143 -45.1221 -45.1221 1 1 0
25.6334 -44.8493 -44.8493 1 1 0
26.0514 -44.575 -44.575 1 1 0
26.4683 -44.299 -44.299 1 1 0
26.8841 -44.0212 -44.0212 1 1 0
27.2987 -43.7417 -43.7417 1 1 0
27.712 -43.4603 -43.4603 1 1 0
28.124 -43.177 -43.177 1 1 0
28.5345 -42.8916 -42.8916 1 1 0
28.9436 -42.604 -42.604 1 1 0
29.351 -42.3142 -42.3142 1 1 0
29.7568 -42.0221 -42.0221 1 1 0
30.1608 -41.7274 -41.7274 1 1 0
30.5629 -41.4302 -41.4302 1 1 0
30.963 -41.1303 -41.1303 1 1 0
31.3609 -40.8275 -40.8275 1 1 0
31.7565 -40.5217 -40.5217 1 1 0
32.1496 -40.2127 -40.2127 1 1 0
32.5401 -39.9004 -39.9004 1 1 0
32.9277 -39.5846 -39.5846 1 1 0
33.3123 -39.265 -39.265 1 1 0
33.6935 -38.9414 -38.9414 1 1 0
34.0712 -38.6137 -38.6137 1 1 0
34.4449 -38.2816 -38.2816 1 1 0
34.8144 -37.9448 -37.9448 1 1 0
35.1793 -37.6029 -37.6029 1 1 0
35.5391 -37.2557 -37.2557 1 1 0
35.8934 -36.9029 -36.9029 1 1 0
36.2415 -36.544 -36.544 1 1 0
36.5829 -36.1787 -36.1787 1 1 0
36.9167 -35.8065 -35.8065 1 1 0
37.2422 -35.4269 -35.4269 1 1 0
37.5583 -35.0395 -35.0395 1 1 0
37.8639 -34.6438 -34.6438 1 1 0
38.1577 -34.2392 -34.2392 1 1 0
38.438 -33.8252 -33.8252 1 1 0
38.7032 -33.4013 -33.4013 1 1 0
38.951 -32.967 -32.967 1 1 0
39.179 -32.522 -32.522 1 1 0
39.3845 -32.0662 -32.0662 1 1 0
39.5644 -31.5997 -31.5997 1 1 0
39.7152 -31.1229 -31.1229 1 1 0
39.8333 -30.6371 -30.6371 1 1 0
39.9151 -30.1438 -30.1438 1 1 0
39.9576 -29.6456 -29.6456 1 1 0
39.9632 -29.3898 -29.3898 2 1 0
39.9415 -28.8902 -28.8902 2 1 0
39.8762 -28.3945 -28.3945 2 1 0
39.7679 -27.9064 -27.9064 2 1 0
39.6185 -27.4292 -27.4292 2 1 0
39.4311 -26.9657 -26.9657 2 1 0
39.2091 -26.5176 -26.5176 2 1 0
38.9566 -26.0861 -26.0861 2 1 0
38.6772 -25.6715 -25.6715 2 1 0
38.3745 -25.2735 -25.2735 2 1 0
38.0517 -24.8917 -24.8917 2 1 0
37.7115 -24.5252 -24.5252 2 1 0
37.3564 -24.1732 -24.1732 2 1 0
36.9883 -23.8348 -23.8348 2 1 0
36.6091 -23.509 -23.509 2 1 0
36.22 -23.1949 -23.1949 2 1 0
35.8224 -22.8917 -22.8917 2 1 0
35.4173 -22.5987 -22.5987 2 1 0
35.0056 -22.3149 -22.3149 2 1 0
34.5881 -22.0399 -22.0399 2 1 0
34.1653 -21.773 -21.773 2 1 0
33.7379 -21.5135 -21.5135 2 1 0
33.3063 -21.2611 -21.2611 2 1 0
32.8709 -21.0152 -21.0152 2 1 0
32.4322 -20.7754 -20.7754 2 1 0
31.9903 -20.5413 -20.5413 2 1 0
31.5457 -20.3126 -20.3126 2 1 0
31.0985 -20.0889 -20.0889 2 1 0
30.649 -19.8699 -19.8699 2 1 0
30.1974 -19.6554 -19.6554 2 1 0
29.7438 -19.445 -19.445 2 1 0
29.2884 -19.2386 -19.2386 2 1 0
28.8313 -19.036 -19.036 2 1 0
28.3727 -18.8368 -18.8368 2 1 0
27.9127 -18.6409 -18.6409 2 1 0
27.4513 -18.4483 -18.4483 2 1 0
26.9887 -18.2586 -18.2586 2 1 0
26.5249 -18.0717 -18.0717 2 1 0
26.0601 -17.8875 -17.8875 2 1 0
25.5942 -17.7058 -17.7058 2 1 0
25.1275 -17.5266 -17.5266 2 1 0
24.6598 -17.3497 -17.3497 2 1 0
24.1913 -17.1749 -17.1749 2 1 0
23.7221 -17.0022 -17.0022 2 1 0
23.2522 -16.8315 -16.8315 2 1 0
22.7815 -16.6627 -16.6627 2 1 0
22.3103 -16.4956 -16.4956 2 1 0
21.8384 -16.3303 -16.3303 2 1 0
21.366 -16.1665 -16.1665 2 1 0
20.893 -16.0043 -16.0043 2 1 0
20.4195 -15.8436 -15.8436 2 1 0
19.9456 -15.6842 -15.6842 2 1 0
19.4713 -15.5261 -15.5261 2 1 0
18.9965 -15.3692 -15.3692 2 1 0
18.5214 -15.2136 -15.2136 2 1 0
18.0458 -15.059 -15.059 2 1 0
17.57 -14.9055 -14.9055 2 1 0
17.0938 -14.753 -14.753 2 1 0
16.6174 -14.6014 -14.6014 2 1 0
16.1406 -14.4507 -14.4507 2 1 0
15.6636 -14.3007 -14.3007 2 1 0
15.1864 -14.1516 -14.1516 2 1 0
14.7089 -14.0031 -14.0031 2 1 0
14.2313 -13.8553 -13.8553 2 1 0
13.7534 -13.7082 -13.7082 2 1 0
13.2754 -13.5615 -13.5615 2 1 0
12.7973 -13.4154 -13.4154 2 1 0
12.319 -13.2696 -13.2696 2 1 0
11.8405 -13.1243 -13.1243 2 1 0
11.362 -12.9794 -12.9794 2 1 0
10.8834 -12.8347 -12.8347 2 1 0
10.4047 -12.6902 -12.6902 2 1 0
9.92601 -12.546 -12.546 2 1 0
9.44723 -12.4018 -12.4018 2 1 0
8.96843 -12.2578 -12.2578 2 1 0
8.48963 -12.1137 -12.1137 2 1 0
8.01083 -11.9697 -11.9697 2 1 0
7.53207 -11.8255 -11.8255 2 1 0
7.05335 -11.6812 -11.6812 2 1 0
6.5747 -11.5367 -11.5367 2 1 0
6.09613 -11.3918 -11.3918 2 1 0
5.61766 -11.2467 -11.2467 2 1 0
5.13932 -11.1011 -11.1011 2 1 0
4.66114 -10.955 -10.955 2 1 0
4.18312 -10.8084 -10.8084 2 1 0
3.70531 -10.6611 -10.6611 2 1 0
3.22773 -10.5131 -10.5131 2 1 0
2.7504 -10.3642 -10.3642 2 1 0
2.27336 -10.2144 -10.2144 2 1 0
1.79666 -10.0636 -10.0636 2 1 0
1.32032 -9.91163 -9.91163 2 1 0
0.844386 -9.75837 -9.75837 2 1 0
0.368914 -9.60369 -9.60369 2 1 0
-0.106047 -9.44745 -9.44745 2 1 0
-0.580434 -9.28948 -9.28948 2 1 0
-1.05418 -9.1296 -9.1296 2 1 0
-1.52721 -8.96761 -8.96761 2 1 0
-1.99943 -8.80327 -8.80327 2 1 0
-2.47074 -8.63633 -8.63633 2 1 0
-2.94101 -8.46651 -8.46651 2 1 0
-3.41011 -8.29346 -8.29346 2 1 0
-3.87786 -8.11681 -8.11681 2 1 0
-4.34406 -7.9361 -7.9361 2 1 0
-4.80845 -7.7508 -7.7508 2 1 0
-5.27073 -7.56029 -7.56029 2 1 0
-5.7305 -7.3638 -7.3638 2 1 0
-6.18725 -7.1604 -7.1604 2 1 0
-6.64033 -6.94893 -6.94893 2 1 0
-7.08881 -6.7279 -6.7279 2 1 0
-7.53145 -6.49537 -6.49537 2 1 0
-7.9664 -6.24878 -6.24878 2 1 0
-8.39086 -5.98453 -5.98453 2 1 0
-8.80027 -5.69753 -5.69753 2 1 0
-9.18662 -5.38017 -5.38017 2 1 0
-9.53441 -5.02097 -5.02097 2 1 0
-9.81059 -4.6042 -4.6042 2 1 0
-9.94648 -4.12306 -4.12306 2 1 0
-9.94904 -4.0486 -4.0486 2 1 0
-9.83676 -3.56141 -3.56141 2 1 0
-9.55664 -3.14729 -3.14729 2 1 0
-9.19099 -2.8063 -2.8063 2 1 0
-8.78242 -2.51812 -2.51812 2 1 0
-8.34987 -2.26734 -2.26734 2 1 0
-7.90252 -2.04403 -2.04403 2 1 0
-7.44529 -1.84171 -1.84171 2 1 0
-6.98108 -1.65598 -1.65598 2 1 0
-6.5117 -1.48371 -1.48371 2 1 0
-6.03837 -1.32263 -1.32263 2 1 0
-5.56192 -1.171 -1.171 2 1 0
-5.08296 -1.0275 -1.0275 2 1 0
-4.60194 -0.891057 -0.891057 2 1 0
-4.11921 -0.760824 -0.760824 2 1 0
-3.63502 -0.6361 -0.6361 2 1 0
-3.14959 -0.516306 -0.516306 2 1 0
-2.66308 -0.400953 -0.400953 2 1 0
-2.17563 -0.289627 -0.289627 2 1 0
-1.68737 -0.181971 -0.181971 2 1 0
-1.19837 -0.0776798 -0.0776798 2 1 0
-0.708718 0.0235164 0.0235164 2 1 0
-0.218487 0.121852 0.121852 2 1 0
0.272269 0.217535 0.217535 2 1 0
0.763501 0.310749 0.310749 2 1 0
1.25516 0.401659 0.401659 2 1 0
1.74722 0.490413 0.490413 2 1 0
2.23964 0.577142 0.577142 2 1 0
2.73239 0.661968 0.661968 2 1 0
3.22544 0.744999 0.744999 2 1 0
3.71878 0.826335 0.826335 2 1 0
4.21238 0.906066 0.906066 2 1 0
4.70622 0.984275 0.984275 2 1 0
5.20029 1.06104 1.06104 2 1 0
5.69457 1.13643 1.13643 2 1 0
6.18905 1.21051 1.21051 2 1 0
6.68372 1.28334 1.28334 2 1 0
7.17856 1.35497 1.35497 2 1 0
7.67356 1.42546 1.42546 2 1 0
8.16872 1.49486 1.49486 2 1 0
8.66403 1.56322 1.56322 2 1 0
9.15947 1.63056 1.63056 2 1 0
9.65504 1.69694 1.69694 2 1 0
10.1507 1.76239 1.76239 2 1 0
10.6465 1.82694 1.82694 2 1 0
11.1425 1.89064 1.89064 2 1 0
11.6385 1.9535 1.9535 2 1 0
12.1346 2.01556 2.01556 2 1 0
12.6309 2.07685 2.07685 2 1 0
13.1272 2.13738 2.13738 2 1 0
13.6236 2.1972 2.1972 2 1 0
14.1201 2.25632 2.25632 2 1 0
14.6167 2.31475 2.31475 2 1 0
15.1133 2.37254 2.37254 2 1 0
15.61 2.42968 2.42968 2 1 0
16.1068 2.48621 2.48621 2 1 0
16.6037 2.54214 2.54214 2 1 0
17.1006 2.59749 2.59749 2 1 0
17.5976 2.65227 2.65227 2 1 0
18.0946 2.7065 2.7065 2 1 0
18.5918 2.7602 2.7602 2 1 0
19.0889 2.81338 2.81338 2 1 0
19.5861 2.86605 2.86605 2 1 0
20.0834 2.91823 2.91823 2 1 0
20.5807 2.96993 2.96993 2 1 0
21.0781 3.02116 3.02116 2 1 0
21.5755 3.07194 3.07194 2 1 0
22.073 3.12227 3.12227 2 1 0
22.5705 3.17217 3.17217 2 1 0
23.068 3.22165 3.22165 2 1 0
23.5656 3.27071 3.27071 2 1 0
24.0632 3.31937 3.31937 2 1 0
24.5609 3.36763 3.36763 2 1 0
25.0586 3.41551 3.41551 2 1 0
25.5563 3.46301 3.46301 2 1 0
26.0541 3.51014 3.51014 2 1 0
26.5519 3.55691 3.55691 2 1 0
27.0497 3.60333 3.60333 2 1 0
27.5476 3.6494 3.6494 2 1 0
28.0455 3.69514 3.69514 2 1 0
28.5434 3.74054 3.74054 2 1 0
29.0414 3.78562 3.78562 2 1 0
29.5394 3.83039 3.83039 2 1 0
30.0374 3.87484 3.87484 2 1 0
30.5355 3.91899 3.91899 2 1 0
31.0335 3.96283 3.96283 2 1 0
31.5316 4.00639 4.00639 2 1 0
32.0298 4.04965 4.04965 2 1 0
32.5279 4.09264 4.09264 2 1 0
33.0261 4.13535 4.13535 2 1 0
33.5243 4.17778 4.17778 2 1 0
34.0225 4.21995 4.21995 2 1 0
34.5207 4.26186 4.26186 2 1 0
35.019 4.30351 4.30351 2 1 0
35.5173 4.3449 4.3449 2 1 0
36.0156 4.38605 4.38605 2 1 0
36.5139 4.42695 4.42695 2 1 0
37.0122 4.46762 4.46762 2 1 0
37.5106 4.50805 4.50805 2 1 0
38.009 4.54824 4.54824 2 1 0
38.5074 4.58821 4.58821 2 1 0
39.0058 4.62796 4.62796 2 1 0
39.5042 4.66748 4.66748 2 1 0
40.0027 4.70679 4.70679 2 1 0
40.5012 4.74588 4.74588 2 1 0
40.9996 4.78477 4.78477 2 1 0
41.4981 4.82344 4.82344 2 1 0
41.9967 4.86192 4.86192 2 1 0
42.4952 4.90019 4.90019 2 1 0
42.9937 4.93827 4.93827 2 1 0
43.4923 4.97615 4.97615 2 1 0
43.9909 5.01384 5.01384 2 1 0
44.4895 5.05135 5.05135 2 1 0
44.9881 5.08866 5.08866 2 1 0
45.4867 5.1258 5.1258 2 1 0
45.9853 5.16276 5.16276 2 1 0
46.484 5.19953 5.19953 2 1 0
46.9826 5.23614 5.23614 2 1 0
47.4813 5.27257 5.27257 2 1 0
47.98 5.30883 5.30883 2 1 0
48.4787 5.34492 5.34492 2 1 0
48.9774 5.38085 5.38085 2 1 0
49.4761 5.41661 5.41661 2 1 0
49.9748 5.45221 5.45221 2 1 0
50.4736 5.48766 5.48766 2 1 0
50.9723 5.52295 5.52295 2 1 0
51.4711 5.55808 5.55808 2 1 0
51.9699 5.59307 5.59307 2 1 0
52.4686 5.6279 5.6279 2 1 0
52.9674 5.66258 5.66258 2 1 0
53.4662 5.69712 5.69712 2 1 0
53.9651 5.73152 5.73152 2 1 0
54.4639 5.76577 5.76577 2 1 0
54.9627 5.79988 5.79988 2 1 0
55.4616 5.83385 5.83385 2 1 0
55.9604 5.86768 5.86768 2 1 0
56.4593 5.90138 5.90138 2 1 0
56.9582 5.93495 5.93495 2 1 0
57.457 5.96838 5.96838 2 1 0
57.9559 6.00168 6.00168 2 1 0
58.4548 6.03486 6.03486 2 1 0
58.9537 6.0679 6.0679 2 1 0
59.4526 6.10082 6.10082 2 1 0
59.9516 6.13362 6.13362 2 1 0
60.4505 6.16629 6.16629 2 1 0
60.9494 6.19884 6.19884 2 1 0
61.4484 6.23128 6.23128 2 1 0
61.9473 6.26359 6.26359 2 1 0
62.4463 6.29579 6.29579 2 1 0
62.9453 6.32787 6.32787 2 1 0
63.4442 6.35983 6.35983 2 1 0
63.9432 6.39168 6.39168 2 1 0
64.4422 6.42343 6.42343 2 1 0
64.9412 6.45506 6.45506 2 1 0
65.4402 6.48658 6.48658 2 1 0
65.9392 6.51799 6.51799 2 1 0
66.4382 6.5493 6.5493 2 1 0
66.9373 6.58049 6.58049 2 1 0
67.4363 6.61159 6.61159 2 1 0
67.9353 6.64258 6.64258 2 1 0
68.4344 6.67347 6.67347 2 1 0
68.9334 6.70426 6.70426 2 1 0
69.4325 6.73495 6.73495 2 1 0
69.9316 6.76553 6.76553 2 1 0
70.4306 6.79602 6.79602 2 1 0
70.9297 6.82642 6.82642 2 1 0
71.4288 6.85672 6.85672 2 1 0
71.9279 6.88692 6.88692 2 1 0
72.427 6.91703 6.91703 2 1 0
72.9261 6.94704 6.94704 2 1 0
73.4252 6.97696 6.97696 2 1 0
73.9243 7.00679 7.00679 2 1 0
74.4234 7.03653 7.03653 2 1 0
74.9225 7.06619 7.06619 2 1 0
75.4216 7.09575 7.09575 2 1 0
75.9208 7.12523 7.12523 2 1 0
76.4199 7.15461 7.15461 2 1 0
76.919 7.18392 7.18392 2 1 0
77.4182 7.21313 7.21313 2 1 0
77.9173 7.24227 7.24227 2 1 0
78.4165 7.27132 7.27132 2 1 0
78.9156 7.30029 7.30029 2 1 0
79.4148 7.32917 7.32917 2 1 0
79.914 7.35798 7.35798 2 1 0
80.4131 7.3867 7.3867 2 1 0
80.9123 7.41535 7.41535 2 1 0
81.4115 7.44391 7.44391 2 1 0
81.9107 7.4724 7.4724 2 1 0
82.4099 7.50081 7.50081 2 1 0
82.9091 7.52915 7.52915 2 1 0
83.4083 7.5574 7.5574 2 1 0
83.9075 7.58559 7.58559 2 1 0
84.4067 7.6137 7.6137 2 1 0
84.9059 7.64173 7.64173 2 1 0
85.4051 7.66969 7.66969 2 1 0
85.9043 7.69758 7.69758 2 1 0
86.4036 7.7254 7.7254 2 1 0
86.9028 7.75315 7.75315 2 1 0
87.402 7.78083 7.78083 2 1 0
87.9013 7.80843 7.80843 2 1 0
88.4005 7.83597 7.83597 2 1 0
88.8998 7.86344 7.86344 2 1 0
89.399 7.89084 7.89084 2 1 0
89.8983 7.91817 7.91817 2 1 0
90.3975 7.94544 7.94544 2 1 0
90.8968 7.97264 7.97264 2 1 0
91.396 7.99978 7.99978 2 1 0
91.8953 8.02685 8.02685 2 1 0
92.3946 8.05385 8.05385 2 1 0
92.8938 8.08079 8.08079 2 1 0
93.3931 8.10767 8.10767 2 1 0
93.8924 8.13448 8.13448 2 1 0
94.3917 8.16124 8.16124 2 1 0
94.891 8.18793 8.18793 2 1 0
95.3903 8.21456 8.21456 2 1 0
95.8896 8.24113 8.24113 2 1 0
96.3889 8.26763 8.26763 2 1 0
96.8881 8.29408 8.29408 2 1 0
97.3875 8.32047 8.32047 2 1 0
97.7878 8.34159 8.34159 2 1 0
98.2871 8.36787 8.36787 1 1 0
98.7864 8.3941 8.3941 1 1 0
99.2858 8.42027 8.42027 1 1 0
99.7851 8.44638 8.44638 1 1 0
100.284 8.47243 8.47243 1 1 0
100.784 8.49843 8.49843 1 1 0
101.283 8.52438 8.52438 1 1 0
101.782 8.55026 8.55026 1 1 0
102.282 8.5761 8.5761 1 1 0
102.781 8.60188 8.60188 1 1 0
103.28 8.6276 8.6276 1 1 0
103.78 8.65327 8.65327 1 1 0
104.279 8.67889 8.67889 1 1 0
104.778 8.70446 8.70446 1 1 0
105.278 8.72997 8.72997 1 1 0
105.777 8.75543 8.75543 1 1 0
106.276 8.78084 8.78084 1 1 0
106.776 8.8062 8.8062 1 1 0
107.275 8.83151 8.83151 1 1 0
107.775 8.85677 8.85677 1 1 0
108.274 8.88198 8.88198 1 1 0
108.773 8.90714 8.90714 1 1 0
109.273 8.93225 8.93225 1 1 0
109.772 8.95731 8.95731 1 1 0
110.271 8.98233 8.98233 1 1 0
110.771 9.00729 9.00729 1 1 0
111.27 9.03221 9.03221 1 1 0
111.77 9.05708 9.05708 1 1 0
112.269 9.08191 9.08191 1 1 0
112.768 9.10668 9.10668 1 1 0
113.268 9.13142 9.13142 1 1 0
113.767 9.1561 9.1561 1 1 0
114.266 9.18074 9.18074 1 1 0
114.766 9.20534 9.20534 1 1 0
115.265 9.22989 9.22989 1 1 0
115.765 9.25439 9.25439 1 1 0
116.264 9.27886 9.27886 1 1 0
116.763 9.30327 9.30327 1 1 0
117.263 9.32765 9.32765 1 1 0
117.762 9.35198 9.35198 1 1 0
118.262 9.37627 9.37627 1 1 0
118.761 9.40051 9.40051 1 1 0
119.26 9.42472 9.42472 1 1 0
119.76 9.44888 9.44888 1 1 0
120.259 9.473 9.473 1 1 0
120.759 9.49708 9.49708 1 1 0
121.258 9.52112 9.52112 1 1 0
121.758 9.54511 9.54511 1 1 0
122.257 9.56907 9.56907 1 1 0
122.756 9.59298 9.59298 1 1 0
123.256 9.61686 9.61686 1 1 0
123.755 9.6407 9.6407 1 1 0
124.255 9.66449 9.66449 1 1 0
124.754 9.68825 9.68825 1 1 0
125.254 9.71197 9.71197 1 1 0
125.753 9.73565 9.73565 1 1 0
126.252 9.7593 9.7593 1 1 0
126.752 9.7829 9.7829 1 1 0
127.251 9.80647 9.80647 1 1 0
127.751 9.83 9.83 1 1 0
128.25 9.85349 9.85349 1 1 0
128.75 9.87695 9.87695 1 1 0
129.249 9.90036 9.90036 1 1 0
129.749 9.92375 9.92375 1 1 0
130.248 9.94709 9.94709 1 1 0
130.748 9.9704 9.9704 1 1 0
131.247 9.99368 9.99368 1 1 0
131.746 10.0169 10.0169 1 1 0
132.246 10.0401 10.0401 1 1 0
132.745 10.0633 10.0633 1 1 0
133.245 10.0864 10.0864 1 1 0
133.744 10.1095 10.1095 1 1 0
134.244 10.1326 10.1326 1 1 0
134.743 10.1556 10.1556 1 1 0
135.243 10.1786 10.1786 1 1 0
135.742 10.2016 10.2016 1 1 0
136.242 10.2245 10.2245 1 1 0
136.741 10.2474 10.2474 1 1 0
137.241 10.2703 10.2703 1 1 0
137.74 10.2931 10.2931 1 1 0
138.24 10.3159 10.3159 1 1 0
138.739 10.3387 10.3387 1 1 0
139.239 10.3614 10.3614 1 1 0
139.738 10.3841 10.3841 1 1 0
140.237 10.4068 10.4068 1 1 0
140.737 10.4294 10.4294 1 1 0
141.236 10.452 10.452 1 1 0
141.736 10.4746 10.4746 1 1 0
142.235 10.4972 10.4972 1 1 0
142.735 10.5197 10.5197 1 1 0
143.234 10.5422 10.5422 1 1 0
143.734 10.5646 10.5646 1 1 0
144.233 10.587 10.587 1 1 0
144.733 10.6094 10.6094 1 1 0
145.232 10.6318 10.6318 1 1 0
145.732 10.6541 10.6541 1 1 0
146.231 10.6764 10.6764 1 1 0
146.731 10.6987 10.6987 1 1 0
147.23 10.721 10.721 1 1 0
147.73 10.7432 10.7432 1 1 0
148.229 10.7654 10.7654 1 1 0
148.729 10.7875 10.7875 1 1 0
149.228 10.8097 10.8097 1 1 0
149.728 10.8318 10.8318 1 1 0
150.227 10.8539 10.8539 1 1 0
150.727 10.8759 10.8759 1 1 0
151.227 10.8979 10.8979 1 1 0
151.726 10.9199 10.9199 1 1 0
152.226 10.9419 10.9419 1 1 0
152.725 10.9639 10.9639 1 1 0
153.225 10.9858 10.9858 1 1 0
153.724 11.0077 11.0077 1 1 0
154.224 11.0295 11.0295 1 1 0
154.723 11.0514 11.0514 1 1 0
155.223 11.0732 11.0732 1 1 0
155.722 11.095 11.095 1 1 0
156.222 11.1167 11.1167 1 1 0
156.721 11.1385 11.1385 1 1 0
157.221 11.1602 11.1602 1 1 0
157.72 11.1819 11.1819 1 1 0
158.22 11.2035 11.2035 1 1 0
158.719 11.2251 11.2251 1 1 0
159.219 11.2468 11.2468 1 1 0
159.718 11.2683 11.2683 1 1 0
160.218 11.2899 11.2899 1 1 0
160.717 11.3114 11.3114 1 1 0
161.217 11.3329 11.3329 1 1 0
161.717 11.3544 11.3544 1 1 0
162.216 11.3759 11.3759 1 1 0
162.716 11.3973 11.3973 1 1 0
163.215 11.4187 11.4187 1 1 0
163.715 11.4401 11.4401 1 1 0
164.214 11.4615 11.4615 1 1 0
164.714 11.4829 11.4829 1 1 0
165.213 11.5042 11.5042 1 1 0
165.713 11.5255 11.5255 1 1 0
166.212 11.5467 11.5467 1 1 0
166.712 11.568 11.568 1 1 0
167.212 11.5892 11.5892 1 1 0
167.711 11.6104 11.6104 1 1 0
168.211 11.6316 11.6316 1 1 0
168.71 11.6528 11.6528 1 1 0
169.21 11.6739 11.6739 1 1 0
169.709 11.6951 11.6951 1 1 0
170.209 11.7162 11.7162 1 1 0
170.708 11.7372 11.7372 1 1 0
171.208 11.7583 11.7583 1 1 0
171.708 11.7793 11.7793 1 1 0
172.207 11.8003 11.8003 1 1 0
172.707 11.8213 11.8213 1 1 0
173.206 11.8423 11.8423 1 1 0
173.706 11.8633 11.8633 1 1 0
174.205 11.8842 11.8842 1 1 0
174.705 11.9051 11.9051 1 1 0
175.204 11.926 11.926 1 1 0
175.704 11.9469 11.9469 1 1 0
176.204 11.9677 11.9677 1 1 0
176.703 11.9885 11.9885 1 1 0
177.203 12.0093 12.0093 1 1 0
177.702 12.0301 12.0301 1 1 0
178.202 12.0509 12.0509 1 1 0
178.701 12.0717 12.0717 1 1 0
179.201 12.0924 12.0924 1 1 0
179.701 12.1131 12.1131 1 1 0
180.2 12.1338 12.1338 1 1 0
180.7 12.1545 12.1545 1 1 0
181.199 12.1751 12.1751 1 1 0
181.699 12.1958 12.1958 1 1 0
182.198 12.2164 12.2164 1 1 0
182.698 12.237 12.237 1 1 0
183.198 12.2575 12.2575 1 1 0
183.697 12.2781 12.2781 1 1 0
184.197 12.2986 12.2986 1 1 0
184.696 12.3192 12.3192 1 1 0
185.196 12.3397 12.3397 1 1 0
185.695 12.3602 12.3602 1 1 0
186.195 12.3806 12.3806 1 1 0
186.695 12.4011 12.4011 1 1 0
187.194 12.4215 12.4215 1 1 0
187.694 12.4419 12.4419 1 1 0
188.193 12.4623 12.4623 1 1 0
188.693 12.4827 12.4827 1 1 0
189.193 12.5031 12.5031 1 1 0
189.692 12.5234 12.5234 1 1 0
190.192 12.5438 12.5438 1 1 0
190.691 12.5641 12.5641 1 1 0
191.191 12.5844 12.5844 1 1 0
191.69 12.6047 12.6047 1 1 0
192.19 12.6249 12.6249 1 1 0
192.69 12.6452 12.6452 1 1 0
193.189 12.6654 12.6654 1 1 0
193.689 12.6856 12.6856 1 1 0
194.188 12.7058 12.7058 1 1 0
194.688 12.726 12.726 1 1 0
195.188 12.7462 12.7462 1 1 0
195.687 12.7663 12.7663 1 1 0
196.187 12.7864 12.7864 1 1 0
196.686 12.8066 12.8066 1 1 0
197.186 12.8267 12.8267 1 1 0
197.686 12.8468 12.8468 1 1 0
198.185 12.8668 12.8668 1 1 0
198.685 12.8869 12.8869 1 1 0
199.184 12.9069 12.9069 1 1 0
199.684 12.927 12.927 1 1 0
200.184 12.947 12.947 1 1 0
200.683 12.967 12.967 1 1 0
201.183 12.9869 12.9869 1 1 0
201.682 13.0069 13.0069 1 1 0
202.182 13.0269 13.0269 1 1 0
202.682 13.0468 13.0468 1 1 0
203.181 13.0667 13.0667 1 1 0
203.681 13.0866 13.0866 1 1 0
204.18 13.1065 13.1065 1 1 0
204.68 13.1264 13.1264 1 1 0
205.18 13.1463 13.1463 1 1 0
205.679 13.1661 13.1661 1 1 0
206.179 13.1859 13.1859 1 1 0
206.678 13.2058 13.2058 1 1 0
207.178 13.2256 13.2256 1 1 0
207.678 13.2454 13.2454 1 1 0
208.177 13.2651 13.2651 1 1 0
208.677 13.2849 13.2849 1 1 0
209.176 13.3047 13.3047 1 1 0
209.676 13.3244 13.3244 1 1 0
210.176 13.3441 13.3441 1 1 0
210.675 13.3638 13.3638 1 1 0
211.175 13.3835 13.3835 1 1 0
211.675 13.4032 13.4032 1 1 0
212.174 13.4229 13.4229 1 1 0
212.674 13.4426 13.4426 1 1 0
213.173 13.4622 13.4622 1 1 0
213.673 13.4819 13.4819 1 1 0
214.173 13.5015 13.5015 1 1 0
214.672 13.5211 13.5211 1 1 0
215.172 13.5407 13.5407 1 1 0
215.671 13.5603 13.5603 1 1 0
216.171 13.5798 13.5798 1 1 0
216.671 13.5994 13.5994 1 1 0
217.17 13.6189 13.6189 1 1 0
217.67 13.6385 13.6385 1 1 0
218.17 13.658 13.658 1 1 0
218.669 13.6775 13.6775 1 1 0
219.169 13.697 13.697 1 1 0
219.668 13.7165 13.7165 1 1 0
220.168 13.736 13.736 1 1 0
220.668 13.7554 13.7554 1 1 0
221.167 13.7749 13.7749 1 1 0
221.667 13.7943 13.7943 1 1 0
222.166 13.8138 13.8138 1 1 0
222.666 13.8332 13.8332 1 1 0
223.166 13.8526 13.8526 1 1 0
223.665 13.872 13.872 1 1 0
224.165 13.8913 13.8913 1 1 0
224.665 13.9107 13.9107 1 1 0
225.164 13.9301 13.9301 1 1 0
225.664 13.9494 13.9494 1 1 0
226.163 13.9688 13.9688 1 1 0
226.663 13.9881 13.9881 1 1 0
227.163 14.0074 14.0074 1 1 0
227.662 14.0267 14.0267 1 1 0
228.162 14.046 14.046 1 1 0
228.662 14.0653 14.0653 1 1 0
229.161 14.0846 14.0846 1 1 0
229.661 14.1038 14.1038 1 1 0
230.161 14.1231 14.1231 1 1 0
230.66 14.1423 14.1423 1 1 0
231.16 14.1616 14.1616 1 1 0
231.659 14.1808 14.1808 1 1 0
232.159 14.2 14.2 1 1 0
232.659 14.2192 14.2192 1 1 0
233.158 14.2384 14.2384 1 1 0
233.658 14.2576 14.2576 1 1 0
234.158 14.2767 14.2767 1 1 0
234.657 14.2959 14.2959 1 1 0
235.157 14.315 14.315 1 1 0
235.656 14.3342 14.3342 1 1 0
236.156 14.3533 14.3533 1 1 0
236.656 14.3724 14.3724 1 1 0
237.155 14.3916 14.3916 1 1 0
237.655 14.4107 14.4107 1 1 0
238.155 14.4297 14.4297 1 1 0
238.654 14.4488 14.4488 1 1 0
239.154 14.4679 14.4679 1 1 0
239.654 14.487 14.487 1 1 0
240.153 14.506 14.506 1 1 0
240.653 14.5251 14.5251 1 1 0
241.152 14.5441 14.5441 1 1 0
241.652 14.5631 14.5631 1 1 0
242.152 14.5822 14.5822 1 1 0
242.651 14.6012 14.6012 1 1 0
243.151 14.6202 14.6202 1 1 0
243.651 14.6392 14.6392 1 1 0
244.15 14.6582 14.6582 1 1 0
244.65 14.6771 14.6771 1 1 0
245.15 14.6961 14.6961 1 1 0
245.649 14.7151 14.7151 1 1 0
246.149 14.734 14.734 1 1 0
246.648 14.753 14.753 1 1 0
247.148 14.7719 14.7719 1 1 0
247.648 14.7908 14.7908 1 1 0
248.147 14.8097 14.8097 1 1 0
248.647 14.8286 14.8286 1 1 0
249.147 14.8475 14.8475 1 1 0
249.646 14.8664 14.8664 1 1 0
250.146 14.8853 14.8853 1 1 0
250.646 14.9042 14.9042 1 1 0
251.145 14.9231 14.9231 1 1 0
251.645 14.9419 14.9419 1 1 0
252.145 14.9608 14.9608 1 1 0
252.644 14.9796 14.9796 1 1 0
253.144 14.9985 14.9985 1 1 0
253.643 15.0173 15.0173 1 1 0
254.143 15.0361 15.0361 1 1 0
254.643 15.0549 15.0549 1 1 0
255.142 15.0737 15.0737 1 1 0
255.642 15.0925 15.0925 1 1 0
256.142 15.1113 15.1113 1 1 0
256.641 15.1301 15.1301 1 1 0
257.141 15.1489 15.1489 1 1 0
257.641 15.1677 15.1677 1 1 0
258.14 15.1864 15.1864 1 1 0
258.64 15.2052 15.2052 1 1 0
259.14 15.2239 15.2239 1 1 0
259.639 15.2427 15.2427 1 1 0
260.139 15.2614 15.2614 1 1 0
260.639 15.2801 15.2801 1 1 0
261.138 15.2989 15.2989 1 1 0
261.638 15.3176 15.3176 1 1 0
262.137 15.3363 15.3363 1 1 0
262.637 15.355 15.355 1 1 0
263.137 15.3737 15.3737 1 1 0
263.636 15.3924 15.3924 1 1 0
264.136 15.411 15.411 1 1 0
264.636 15.4297 15.4297 1 1 0
265.135 15.4484 15.4484 1 1 0
265.635 15.467 15.467 1 1 0
266.135 15.4857 15.4857 1 1 0
266.634 15.5044 15.5044 1 1 0
267.134 15.523 15.523 1 1 0
267.634 15.5416 15.5416 1 1 0
268.133 15.5603 15.5603 1 1 0
268.633 15.5789 15.5789 1 1 0
269.133 15.5975 15.5975 1 1 0
269.632 15.6161 15.6161 1 1 0
270.132 15.6347 15.6347 1 1 0
270.632 15.6533 15.6533 1 1 0
271.131 15.6719 15.6719 1 1 0
271.631 15.6905 15.6905 1 1 0
272.131 15.7091 15.7091 1 1 0
272.63 15.7277 15.7277 1 1 0
273.13 15.7462 15.7462 1 1 0
273.629 15.7648 15.7648 1 1 0
274.129 15.7834 15.7834 1 1 0
274.629 15.8019 15.8019 1 1 0
275.128 15.8205 15.8205 1 1 0
275.628 15.839 15.839 1 1 0
276.128 15.8576 15.8576 1 1 0
276.627 15.8761 15.8761 1 1 0
277.127 15.8946 15.8946 1 1 0
277.627 15.9131 15.9131 1 1 0
278.126 15.9317 15.9317 1 1 0
278.626 15.9502 15.9502 1 1 0
279.126 15.9687 15.9687 1 1 0
279.625 15.9872 15.9872 1 1 0
280.125 16.0057 16.0057 1 1 0
280.625 16.0242 16.0242 1 1 0
281.124 16.0426 16.0426 1 1 0
281.624 16.0611 16.0611 1 1 0
282.124 16.0796 16.0796 1 1 0
282.623 16.0981 16.0981 1 1 0
283.123 16.1165 16.1165 1 1 0
283.623 16.135 16.135 1 1 0
284.122 16.1535 16.1535 1 1 0
284.622 16.1719 16.1719 1 1 0
285.122 16.1904 16.1904 1 1 0
285.621 16.2088 16.2088 1 1 0
286.121 16.2273 16.2273 1 1 0
286.621 16.2457 16.2457 1 1 0
287.12 16.2641 16.2641 1 1 0
287.62 16.2825 16.2825 1 1 0
288.12 16.301 16.301 1 1 0
288.619 16.3194 16.3194 1 1 0
289.119 16.3378 16.3378 1 1 0
289.619 16.3562 16.3562 1 1 0
290.118 16.3746 16.3746 1 1 0
290.618 16.393 16.393 1 1 0
291.118 16.4114 16.4114 1 1 0
291.617 16.4298 16.4298 1 1 0
292.117 16.4482 16.4482 1 1 0
292.617 16.4666 16.4666 1 1 0
293.116 16.4849 16.4849 1 1 0
293.616 16.5033 16.5033 1 1 0
294.116 16.5217 16.5217 1 1 0
294.615 16.5401 16.5401 1 1 0
295.115 16.5584 16.5584 1 1 0
295.614 16.5768 16.5768 1 1 0
296.114 16.5952 16.5952 1 1 0
296.614 16.6135 16.6135 1 1 0
297.113 16.6319 16.6319 1 1 0
297.613 16.6502 16.6502 1 1 0
298.113 16.6685 16.6685 1 1 0
298.612 16.6869 16.6869 1 1 0
299.112 16.7052 16.7052 1 1 0
299.612 16.7236 16.7236 1 1 0
300.111 16.7419 16.7419 1 1 0
97.7878 8.34159 8.34159 4 11 0
97.7878 8.36987 8.3133 3 11 0
97.7886 8.42644 8.25674 3 11 0
97.7922 8.5395 8.14368 3 11 0
97.8079 8.765 7.9182 4 11 0
97.8523 9.09993 7.5833 4 11 0
97.9619 9.58906 7.09429 4 11 0
98.1846 10.2314 6.45209 4 11 0
98.4666 10.8239 5.85972 4 11 0
98.7884 11.3704 5.31333 4 11 0
99.138 11.8792 4.80456 4 11 0
99.5075 12.3575 4.326 4 11 0
99.8918 12.8112 3.87201 4 11 0
100.287 13.2449 3.438 4 11 0
100.691 13.662 3.0203 4 11 0
101.102 14.0653 2.61572 4 11 0
101.518 14.4577 2.22219 4 11 0
101.938 14.8407 1.83758 4 11 0
102.361 15.2162 1.46016 4 11 0
102.787 15.5854 1.08854 4 11 0
103.215 15.9495 0.721456 4 11 0
103.644 16.3095 0.357813 4 11 0
104.074 16.6667 -0.00342198 4 11 0
104.506 17.0217 -0.363053 4 11 0
104.937 17.3752 -0.721896 4 11 0
105.369 17.7279 -1.08128 4 11 0
105.8 18.0803 -1.44119 4 11 0
106.231 18.4331 -1.80279 4 11 0
106.661 18.7869 -2.16608 4 11 0
107.089 19.1424 -2.53325 4 11 0
107.517 19.4997 -2.90328 4 11 0
107.943 19.8593 -3.27806 4 11 0
108.367 20.222 -3.65749 4 11 0
108.788 20.5882 -4.04282 4 11 0
109.207 20.9578 -4.43423 4 11 0
109.623 21.3313 -4.83305 4 11 0
110.036 21.7102 -5.23941 4 11 0
110.445 22.0932 -5.65506 4 11 0
110.85 22.4818 -6.07968 4 11 0
111.249 22.8759 -6.51539 4 11 0
111.644 23.2757 -6.96208 4 11 0
112.032 23.6821 -7.42151 4 11 0
112.413 24.094 -7.89419 4 11 0
112.787 24.5134 -8.38207 4 11 0
113.151 24.9388 -8.88578 4 11 0
113.506 25.371 -9.40644 4 11 0
113.85 25.8091 -9.94585 4 11 0
114.18 26.2546 -10.5057 4 11 0
114.496 26.7053 -11.0873 4 11 0
114.794 27.1613 -11.6917 4 11 0
115.073 27.6223 -12.3207 4 11 0
115.328 28.0856 -12.9753 4 11 0
115.556 28.5514 -13.6563 4 11 0
115.753 29.0152 -14.3645 4 11 0
115.912 29.4759 -15.0978 4 11 0
116.028 29.9279 -15.8534 4 11 0
116.095 30.3674 -16.6257 4 11 0
116.109 30.6692 -17.185 3 11 0
116.08 31.0704 -17.9612 3 11 0
115.993 31.4441 -18.7294 3 11 0
115.847 31.7834 -19.4731 3 11 0
115.65 32.0886 -20.1829 3 11 0
115.407 32.3602 -20.8531 3 11 0
115.127 32.6004 -21.4813 3 11 0
114.814 32.8116 -22.0672 3 11 0
114.477 32.9979 -22.6139 3 11 0
114.119 33.1631 -23.1244 3 11 0
113.744 33.3095 -23.6023 3 11 0
113.355 33.4399 -24.0507 3 11 0
112.955 33.5568 -24.4743 3 11 0
112.546 33.6617 -24.874 3 11 0
112.13 33.7575 -25.2524 3 11 0
111.706 33.8437 -25.6127 3 11 0
111.277 33.9228 -25.9557 3 11 0
110.843 33.9949 -26.2832 3 11 0
110.405 34.0605 -26.5979 3 11 0
109.964 34.1207 -26.9007 3 11 0
109.519 34.1757 -27.1907 3 11 0
109.072 34.226 -27.4717 3 11 0
108.622 34.272 -27.7421 3 11 0
108.17 34.3144 -28.0052 3 11 0
107.716 34.3546 -28.2595 3 11 0
107.26 34.392 -28.5058 3 11 0
106.803 34.4262 -28.7465 3 11 0
106.344 34.4576 -28.98 3 11 0
105.884 34.4862 -29.2079 3 11 0
105.423 34.5123 -29.4301 3 11 0
104.961 34.5355 -29.6476 3 11 0
104.498 34.5587 -29.8591 3 11 0
104.035 34.58 -30.0678 3 11 0
103.57 34.5993 -30.2704 3 11 0
103.105 34.6163 -30.4709 3 11 0
102.639 34.6314 -30.6653 3 11 0
102.172 34.6449 -30.8589 3 11 0
101.705 34.6585 -31.0469 3 11 0
101.238 34.6705 -31.2327 3 11 0
100.77 34.6808 -31.4146 3 11 0
100.301 34.6894 -31.5958 3 11 0
99.8325 34.6964 -31.7722 3 11 0
99.3634 34.7034 -31.9464 3 11 0
98.8939 34.7097 -32.117 3 11 0
98.4243 34.7147 -32.2887 3 11 0
97.9543 34.7183 -32.4561 3 11 0
97.4841 34.7206 -32.6212 3 11 0
97.0138 34.7216 -32.7825 3 11 0
96.5432 34.7224 -32.9453 3 11 0
96.0725 34.723 -33.1037 3 11 0
95.6017 34.7224 -33.2627 3 11 0
95.1307 34.7205 -33.4172 3 11 0
94.6597 34.7175 -33.5727 3 11 0
94.1885 34.7132 -33.7248 3 11 0
93.7173 34.7105 -33.8759 3 11 0
93.246 34.7057 -34.0242 3 11 0
92.7747 34.6997 -34.174 3 11 0
92.3034 34.6934 -34.3201 3 11 0
91.832 34.6867 -34.4656 3 11 0
91.3607 34.6789 -34.6106 3 11 0
90.8894 34.67 -34.7536 3 11 0
90.4181 34.66 -34.8944 3 11 0
89.9469 34.6502 -35.0355 3 11 0
89.4757 34.6413 -35.1742 3 11 0
89.0046 34.6301 -35.3141 3 11 0
88.5336 34.6178 -35.4513 3 11 0
88.0627 34.6059 -35.5881 3 11 0
87.5919 34.5934 -35.7233 3 11 0
87.1212 34.5799 -35.8574 3 11 0
86.6506 34.5648 -35.9915 3 11 0
86.1802 34.5509 -36.1248 3 11 0
85.71 34.5359 -36.2555 3 11 0
85.2399 34.5196 -36.3869 3 11 0
84.7699 34.5035 -36.5184 3 11 0
84.3002 34.4863 -36.6472 3 11 0
83.8307 34.4679 -36.7757 3 11 0
83.3614 34.4487 -36.9049 3 11 0
82.8923 34.4313 -37.0314 3 11 0
82.4234 34.4128 -37.1589 3 11 0
81.9548 34.3924 -37.2836 3 11 0
81.4865 34.3708 -37.4102 3 11 0
81.0184 34.3516 -37.5349 3 11 0
80.5507 34.3295 -37.6584 3 11 0
80.0832 34.3062 -37.7821 3 11 0
79.616 34.2853 -37.904 3 11 0
79.1492 34.261 -38.0277 3 11 0
78.6827 34.2376 -38.1487 3 11 0
78.2166 34.2149 -38.2706 3 11 0
77.7509 34.1896 -38.39 3 11 0
77.2855 34.163 -38.5113 3 11 0
76.8206 34.1385 -38.63 3 11 0
76.356 34.113 -38.75 3 11 0
75.892 34.0862 -38.8672 3 11 0
75.4283 34.0574 -38.9866 3 11 0
74.9651 34.0309 -39.1033 3 11 0
74.5025 34.0029 -39.2212 3 11 0
74.0403 33.9741 -39.337 3 11 0
73.5787 33.9445 -39.4541 3 11 0
73.1176 33.9134 -39.5693 3 11 0
72.6571 33.8842 -39.6847 3 11 0
72.1972 33.8536 -39.7999 3 11 0
71.7379 33.8214 -39.9138 3 11 0
71.2792 33.79 -40.0278 3 11 0
70.8212 33.7561 -40.142 3 11 0
70.3639 33.7239 -40.2546 3 11 0
69.9073 33.6916 -40.3678 3 11 0
69.4514 33.6567 -40.4798 3 11 0
68.9964 33.621 -40.592 3 11 0
68.5421 33.5866 -40.7032 3 11 0
68.0886 33.5527 -40.8147 3 11 0
67.636 33.517 -40.9251 3 11 0
67.1843 33.4785 -41.0358 3 11 0
66.7336 33.4434 -41.1448 3 11 0
66.2838 33.4065 -41.2553 3 11 0
65.835 33.3681 -41.3638 3 11 0
65.3873 33.3304 -41.4727 3 11 0
64.9407 33.2907 -41.5811 3 11 0
64.4952 33.2513 -41.6891 3 11 0
64.0509 33.2113 -41.7961 3 11 0
63.6078 33.1725 -41.9031 3 11 0
63.1659 33.1303 -42.0092 3 11 0
62.7255 33.0909 -42.1163 3 11 0
62.2864 33.0491 -42.2213 3 11 0
61.8487 33.0052 -42.3266 3 11 0
61.4126 32.965 -42.4321 3 11 0
60.978 32.9223 -42.5358 3 11 0
60.545 32.8788 -42.6399 3 11 0
60.1138 32.8358 -42.7437 3 11 0
59.6843 32.7899 -42.8457 3 11 0
59.2567 32.7454 -42.9489 3 11 0
58.831 32.7029 -43.05 3 11 0
58.4073 32.6574 -43.1516 3 11 0
57.9858 32.612 -43.2524 3 11 0
57.5664 32.567 -43.3523 3 11 0
57.1493 32.5185 -43.4527 3 11 0
56.7346 32.4733 -43.5517 3 11 0
56.3225 32.4277 -43.6496 3 11 0
55.9129 32.3814 -43.7469 3 11 0
55.506 32.3322 -43.8447 3 11 0
55.102 32.2873 -43.9403 3 11 0
54.7009 32.2393 -44.0364 3 11 0
54.303 32.1914 -44.1318 3 11 0
53.9083 32.1441 -44.2262 3 11 0
53.5169 32.0969 -44.3196 3 11 0
53.1291 32.0479 -44.4121 3 11 0
52.7449 32.0009 -44.5037 3 11 0
52.3646 31.9528 -44.5943 3 11 0
51.9882 31.9041 -44.6831 3 11 0
51.616 31.8576 -44.7717 3 11 0
51.2481 31.8088 -44.8597 3 11 0
50.8847 31.7621 -44.9473 3 11 0
50.526 31.7139 -45.0332 3 11 0
50.1721 31.6674 -45.1178 3 11 0
49.8233 31.6202 -45.2008 3 11 0
49.4796 31.5731 -45.2832 3 11 0
49.1414 31.5276 -45.3643 3 11 0
48.8087 31.4818 -45.4439 3 11 0
48.4818 31.4336 -45.5222 3 11 0
48.1608 31.3914 -45.5986 3 11 0
47.846 31.3451 -45.6741 3 11 0
47.5374 31.3029 -45.7472 3 11 0
47.2353 31.2563 -45.8206 3 11 0
46.9398 31.2157 -45.8917 3 11 0
46.651 31.1748 -45.9604 3 11 0
46.3691 31.1303 -46.0281 3 11 0
46.0943 31.0907 -46.0948 3 11 0
45.8265 31.0523 -46.1586 3 11 0
45.566 31.0144 -46.2214 3 11 0
45.3128 30.9743 -46.2824 3 11 0
45.0669 30.938 -46.3418 3 11 0
44.8285 30.9034 -46.3988 3 11 0
44.5975 30.866 -46.4545 3 11 0
44.3739 30.8338 -46.5088 3 11 0
44.1579 30.8006 -46.5602 3 11 0
43.9492 30.7677 -46.6115 3 11 0
43.748 30.7375 -46.6592 3 11 0
43.5541 30.7063 -46.7067 3 11 0
43.3674 30.6764 -46.7521 3 11 0
43.188 30.6499 -46.7947 3 11 0
43.0156 30.6231 -46.8366 3 11 0
42.8502 30.5944 -46.8773 3 11 0
42.6917 30.5692 -46.9151 3 11 0
42.5399 30.5474 -46.9512 3 11 0
42.3946 30.5227 -46.9877 3 11 0
42.2557 30.502 -47.0213 3 11 0
42.1231 30.482 -47.053 3 11 0
41.9965 30.4612 -47.084 3 11 0
41.8759 30.4424 -47.1136 3 11 0
41.7609 30.4239 -47.1416 3 11 0
41.6515 30.4066 -47.1672 3 11 0
41.5475 30.3896 -47.1922 3 11 0
41.4487 30.3728 -47.2159 3 11 0
41.3548 30.3566 -47.2403 3 11 0
41.2658 30.3431 -47.262 3 11 0
41.1814 30.3303 -47.2825 3 11 0
41.1014 30.3179 -47.3007 3 11 0
41.0258 30.3057 -47.3192 3 11 0
40.9542 30.2942 -47.3365 3 11 0
40.8866 30.28 -47.3528 3 11 0
40.8227 30.2696 -47.3689 3 11 0
40.7625 30.2599 -47.3843 3 11 0
40.7057 30.252 -47.3986 3 11 0
40.6522 30.2428 -47.4115 3 11 0
40.6019 30.2336 -47.4228 3 11 0
40.5545 30.2277 -47.4351 3 11 0
40.51 30.2212 -47.4445 3 11 0
40.4683 30.2135 -47.4563 3 11 0
40.4291 30.2042 -47.4661 3 11 0
40.3925 30.1968 -47.4744 3 11 0
40.3581 30.1901 -47.4829 3 11 0
40.326 30.1906 -47.4899 3 11 0
40.296 30.1833 -47.4984 3 11 0
40.268 30.1755 -47.5043 3 11 0
40.242 30.1764 -47.5118 3 11 0
40.2177 30.1733 -47.5169 3 11 0
40.1951 30.1701 -47.5225 3 11 0
40.1742 30.1673 -47.5261 3 11 0
40.1547 30.1628 -47.5326 3 11 0
40.1367 30.1565 -47.5375 3 11 0
40.1201 30.1541 -47.5416 3 11 0
40.1047 30.1524 -47.5454 3 11 0
40.0906 30.1529 -47.5488 3 11 0
40.0776 30.1498 -47.552 3 11 0
40.0656 30.149 -47.5548 3 11 0
40.0546 30.1452 -47.5567 3 11 0
40.0446 30.1401 -47.5584 3 11 0
40.0354 30.144 -47.5612 3 11 0
40.0271 30.1425 -47.5644 3 11 0
40.0195 30.1421 -47.5658 3 11 0
40.0126 30.1326 -47.5668 3 11 0
40.0064 30.1389 -47.5693 3 11 0
40.0008 30.1379 -47.5695 3 11 0
39.9958 30.1319 -47.5718 3 11 0
39.9913 30.1373 -47.5731 3 11 0
39.9873 30.1335 -47.5737 3 11 0
39.9838 30.1362 -47.5733 3 11 0
39.9806 30.1216 -47.5735 3 11 0
39.9778 30.135 -47.5753 3 11 0
39.9754 30.1281 -47.576 3 11 0
39.9733 30.1302 -47.5771 3 11 0
39.9715 30.1341 -47.5779 3 11 0
39.9699 30.1339 -47.5783 3 11 0
39.9686 30.131 -47.5785 3 11 0
39.9674 30.1329 -47.5787 3 11 0
39.9665 30.1329 -47.5787 3 11 0
39.9657 30.1329 -47.5766 3 11 0
39.9651 30.1279 -47.5792 3 11 0
39.9646 30.0887 -47.5784 3 11 0
39.9642 30.1331 -47.5781 3 11 0
39.9638 30.1323 -47.5797 3 11 0
39.9636 30.1302 -47.5781 3 11 0
39.9634 30.128 -47.5788 3 11 0
39.9633 30.1224 -47.5772 3 11 0
39.9632 30.1122 -47.578 3 11 0
39.9632 30.0931 -47.5794 3 11 0
39.9632 30.1225 -47.5798 3 11 0
39.9632 30.1187 -47.578 3 11 0
39.9632 30.1284 -47.577 3 11 0
39.9632 30.1322 -47.5799 3 11 0
39.9632 30.1285 -47.5797 4 11 0
39.9632 29.9421 -47.5796 3 11 0
39.9632 30.1327 -47.5799 3 11 0
39.9632 30.1261 -47.5764 3 11 0
39.9632 30.1371 -47.5781 3 11 0
39.9632 30.1309 -47.5784 3 11 0
39.9632 30.1168 -47.5799 3 11 0
39.9632 30.1242 -47.5785 3 11 0
39.9632 30.0942 -47.5768 3 11 0
39.9632 30.0887 -47.5799 3 11 0
39.9632 30.1179 -47.5692 3 11 0
39.9632 30.1325 -47.5775 3 11 0
39.9632 30.1215 -47.5795 3 11 0
39.9632 30.133 -47.5734 3 11 0
39.9632 30.1304 -47.576 3 11 0
39.9632 30.0864 -47.5794 3 11 0
39.9632 30.1341 -47.5708 3 11 0
39.9632 30.1164 -47.5799 4 11 0
39.9632 30.104 -47.5701 4 11 0
39.9632 30.133 -47.5797 4 11 0
39.9632 30.1297 -47.5799 4 11 0
39.9632 30.0851 -47.5709 4 11 0
39.9632 30.101 -47.5777 4 11 0
39.9632 30.1184 -47.5795 4 11 0
